LDA: Error, Accuracy, Correct Samples: [0.0935], [0.9065], [1813]
LDA + PCA: Error, Accuracy, Correct Samples: [0.0935], [0.9065], [1813]
MVG: Accuracy, Error: 0.93, 0.06999999999999995
TC: Accuracy, Error: 0.907, 0.09299999999999997
NB: Accuracy, Error: 0.928, 0.07199999999999995
Covariance matrix of True class:
[[ 1.44809527e+00 -1.47222433e-02  5.57010301e-03  1.57415883e-02
   1.94971163e-02 -1.76682539e-04]
 [-1.47222433e-02  5.53390796e-01 -1.12168681e-02 -9.06473359e-03
  -1.46589901e-02  1.63492048e-02]
 [ 5.57010301e-03 -1.12168681e-02  5.57480229e-01  2.75609663e-02
  -3.76966451e-03 -1.45976943e-02]
 [ 1.57415883e-02 -9.06473359e-03  2.75609663e-02  5.69657013e-01
  -1.16983404e-02  3.49931863e-02]
 [ 1.94971163e-02 -1.46589901e-02 -3.76966451e-03 -1.16983404e-02
   1.34201767e+00  1.69454096e-02]
 [-1.76682539e-04  1.63492048e-02 -1.45976943e-02  3.49931863e-02
   1.69454096e-02  1.30371880e+00]]

Covariance matrix of False class:
[[ 6.00956506e-01  5.15866517e-05  1.90589145e-02  1.92529876e-02
   1.28039402e-02 -1.34721598e-02]
 [ 5.15866517e-05  1.44722543e+00 -1.61340110e-02 -1.58561474e-02
  -2.64529141e-02  2.29139833e-02]
 [ 1.90589145e-02 -1.61340110e-02  5.65348901e-01 -1.84344435e-03
  -6.91446277e-03  1.68928322e-02]
 [ 1.92529876e-02 -1.58561474e-02 -1.84344435e-03  5.41615202e-01
   5.25171375e-03  1.35717775e-02]
 [ 1.28039402e-02 -2.64529141e-02 -6.91446277e-03  5.25171375e-03
   6.96067641e-01  1.58438399e-02]
 [-1.34721598e-02  2.29139833e-02  1.68928322e-02  1.35717775e-02
   1.58438399e-02  6.86519710e-01]]

Correlation matrix of True class:
[[ 1.00000000e+00 -1.64459687e-02  6.19940380e-03  1.73317836e-02
   1.39859734e-02 -1.28588787e-04]
 [-1.64459687e-02  1.00000000e+00 -2.01948630e-02 -1.61447883e-02
  -1.70101823e-02  1.92481371e-02]
 [ 6.19940380e-03 -2.01948630e-02  1.00000000e+00  4.89072205e-02
  -4.35821698e-03 -1.71229097e-02]
 [ 1.73317836e-02 -1.61447883e-02  4.89072205e-02  1.00000000e+00
  -1.33794547e-02  4.06054941e-02]
 [ 1.39859734e-02 -1.70101823e-02 -4.35821698e-03 -1.33794547e-02
   1.00000000e+00  1.28109397e-02]
 [-1.28588787e-04  1.92481371e-02 -1.71229097e-02  4.06054941e-02
   1.28109397e-02  1.00000000e+00]]

Correlation matrix of False class:
[[ 1.00000000e+00  5.53156127e-05  3.26977873e-02  3.37466904e-02
   1.97968638e-02 -2.09743833e-02]
 [ 5.53156127e-05  1.00000000e+00 -1.78367604e-02 -1.79095288e-02
  -2.63560127e-02  2.29882544e-02]
 [ 3.26977873e-02 -1.78367604e-02  1.00000000e+00 -3.33139656e-03
  -1.10223563e-02  2.71155043e-02]
 [ 3.37466904e-02 -1.79095288e-02 -3.33139656e-03  1.00000000e+00
   8.55322509e-03  2.22569065e-02]
 [ 1.97968638e-02 -2.63560127e-02 -1.10223563e-02  8.55322509e-03
   1.00000000e+00  2.29196624e-02]
 [-2.09743833e-02  2.29882544e-02  2.71155043e-02  2.22569065e-02
   2.29196624e-02  1.00000000e+00]]

MVG 4 features: Accuracy, Error: 0.9205, 0.07950000000000002
TC 4 features: Accuracy, Error: 0.905, 0.09499999999999997
NB 4 features: Accuracy, Error: 0.9235, 0.07650000000000001
MVG features 1 and 2: Accuracy, Error: 0.635, 0.365
TC features 1 and 2: Accuracy, Error: 0.5055, 0.49450000000000005
MVG features 3 and 4: Accuracy, Error: 0.9055, 0.09450000000000003
TC features 3 and 4: Accuracy, Error: 0.906, 0.09399999999999997
MVG+PCA: Accuracy, Error: 0.9075, 0.09250000000000003
TC+PCA: Accuracy, Error: 0.9065, 0.09350000000000003
NB+PCA: Accuracy, Error: 0.9075, 0.09250000000000003
DCF Values:
DCF_MVG05: 0.13992895545314898
DCF_MVG09: 0.18602790578597028
DCF_MVG01: 0.14392921146953405
DCF_TC05: 0.40005760368663595
DCF_TC09: 0.46255760368663595
DCF_TC01: 0.38925691244239635
DCF_NB05: 0.3051395289298515
DCF_NB09: 0.4060579877112135
DCF_NB01: 0.30216333845366106

minDCF Values:
minDCF_MVG05: 0.13016833077316947
minDCF_MVG09: 0.18124359959037378
minDCF_MVG01: 0.1311283922171019
minDCF_TC05: 0.34230990783410137
minDCF_TC09: 0.4421082949308756
minDCF_TC01: 0.3509504608294931
minDCF_NB05: 0.2629128264208909
minDCF_NB09: 0.36283922171018945
minDCF_NB01: 0.25696044546851

DCF Values with PCA:
DCF_MVG05: 0.18500384024577574
DCF_MVG09: 0.1870199692780338
DCF_MVG01: 0.18500384024577574
DCF_TC05: 0.47753456221198154
DCF_TC09: 0.48055875576036866
DCF_TC01: 0.47753456221198154
DCF_NB05: 0.39698540706605223
DCF_NB09: 0.40208973374295953
DCF_NB01: 0.39698540706605223

minDCF Values with PCA:
minDCF_MVG05: 0.17690732206861237
minDCF_MVG09: 0.17690732206861237
minDCF_MVG01: 0.17690732206861237
minDCF_TC05: 0.4341877880184332
minDCF_TC09: 0.4341877880184332
minDCF_TC01: 0.4341877880184332
minDCF_NB05: 0.3686475934459805
minDCF_NB09: 0.3686475934459805
minDCF_NB01: 0.3686475934459805
LR - original data: Best minDCF, actualDCF (Original Data): 0.3611431131592422, 0.4567812339989759
LR - prior-weighted: Best minDCF, actualDCF (Original Data): 0.3611431131592422, 0.4567812339989759
LR - quadratic: Best minDCF, actualDCF (Original Data): 0.3611431131592422, 0.4567812339989759
LR - pre-processed data: Best minDCF, actualDCF (Original Data): 0.3611431131592422, 0.4567812339989759
minDCF linearSVM: [1.0, 0.36199116743471577, 0.36397529441884274, 0.36298323092677925, 0.36199116743471577, 0.3649673579109063, 0.36199116743471577, 0.3590149769585253, 0.3581669226830517, 0.3581669226830517, 0.3581669226830517]
dcf linearSVM: [1.0, 1.0, 1.0, 0.9990079365079365, 0.9613095238095238, 0.8482142857142857, 0.6767313108038914, 0.5836213517665131, 0.527073732718894, 0.5062403993855606, 0.49334357398873524]
minDCF polySVM: [1.0, 0.24548771121351765, 0.2512960829493087, 0.25086405529953915, 0.25654441884280593, 0.25299219150025604, 0.2528481822836661, 0.24547171018945213, 0.24803187403993857, 0.2612167178699437, 0.25824052739375325]
dcf polySVM: [1.0, 1.0, 1.0, 0.9940476190476191, 0.9196428571428572, 0.7509920634920636, 0.5884376600102407, 0.4674059139784946, 0.4108582949308756, 0.39002496159754224, 0.3860567076292883]
DCF GMM: [np.float64(0.27726067991692405), np.float64(0.25514864422174144), np.float64(0.23096136614686613), np.float64(0.2122842811536276), np.float64(0.19188698121215966), np.float64(0.1882794226457316), np.float64(0.1831455225953055), np.float64(0.16428123894929883), np.float64(0.17212742773213707), np.float64(0.17540918387596852), np.float64(0.16712493241298243), np.float64(0.1600602915459598), np.float64(0.14357205023720201), np.float64(0.1330328588597799), np.float64(0.11614960598066602), np.float64(0.09550361813671547), np.float64(0.09350086160562697), np.float64(0.08730029425542885), np.float64(0.07775573859660953), np.float64(0.07034652548179907), np.float64(0.07293441854202933), np.float64(0.08448180988059197), np.float64(0.09722145837846158), np.float64(0.1082550017938717), np.float64(0.11152532943776042), np.float64(0.12557941778137194), np.float64(0.1283614006448984), np.float64(0.13936636070432776), np.float64(0.14454587757594783), np.float64(0.15276340065181993), np.float64(0.16323043529578435), np.float64(0.17060127973396055), np.float64(0.16308752197654078), np.float64(0.18315851409979803), np.float64(0.20994588980112427), np.float64(0.24360174015601205), np.float64(0.27221601051510624), np.float64(0.29601793318589587), np.float64(0.3193211907137881), np.float64(0.349527734607894)]
minDCF GMM: [np.float64(0.2068241719804161), np.float64(0.19661689818999536), np.float64(0.18830263598813599), np.float64(0.18153031289965935), np.float64(0.17601396533914382), np.float64(0.1715206637038182), np.float64(0.16727250672228966), np.float64(0.15832885799691787), np.float64(0.15104387259622726), np.float64(0.1451099395988678), np.float64(0.14027649671869216), np.float64(0.1361510130040611), np.float64(0.13187515541644335), np.float64(0.12381630347591663), np.float64(0.10821309804415809), np.float64(0.09550361813671547), np.float64(0.08515120175508464), np.float64(0.07671871468880442), np.float64(0.06985009237863983), np.float64(0.06425530497263879), np.float64(0.0655991031554577), np.float64(0.07373452217128472), np.float64(0.08203039067576928), np.float64(0.0922150828467311), np.float64(0.10471865068428521), np.float64(0.11751490165233967), np.float64(0.12728660606414807), np.float64(0.13457757380288518), np.float64(0.14088955405127326), np.float64(0.1486386614273452), np.float64(0.15617398368288113), np.float64(0.16069773840594387), np.float64(0.16308752197654078), np.float64(0.1660214173256045), np.float64(0.16962330915596305), np.float64(0.17404528854310883), np.float64(0.17947407503123528), np.float64(0.18613890092783136), np.float64(0.19432119071378814), np.float64(0.2043664442853134)]
DCF SVM: [np.float64(0.8432539682539683), np.float64(0.8095238095238095), np.float64(0.7658730158730159), np.float64(0.7162698412698413), np.float64(0.6736111111111112), np.float64(0.623015873015873), np.float64(0.5704365079365079), np.float64(0.5138888888888888), np.float64(0.4593253968253968), np.float64(0.41269841269841273), np.float64(0.3412698412698413), np.float64(0.28273809523809523), np.float64(0.2509920634920635), np.float64(0.21980611930515748), np.float64(0.18621004753528847), np.float64(0.1525675611205378), np.float64(0.12888512468706612), np.float64(0.1183853813554711), np.float64(0.10150794165661352), np.float64(0.09229680269195507), np.float64(0.09262913141008076), np.float64(0.10535834691581134), np.float64(0.12062613048687765), np.float64(0.13446467921322652), np.float64(0.16437937306217917), np.float64(0.17791599865131422), np.float64(0.23145267993524726), np.float64(0.2751184082765979), np.float64(0.32346897057402374), np.float64(0.3858112661975436), np.float64(0.4510518587299028), np.float64(0.5496335377984768), np.float64(0.6197407477829924), np.float64(0.6942472237772175), np.float64(0.7805104059301567), np.float64(0.8524727078979475), np.float64(0.918385365353816), np.float64(0.9683969654439605), np.float64(0.9546370967741934), np.float64(0.9768145161290323)]
minDCF SVM: [np.float64(0.24702380952380953), np.float64(0.2470238095238095), np.float64(0.2470238095238095), np.float64(0.2470238095238095), np.float64(0.24702380952380953), np.float64(0.23061919153496402), np.float64(0.21231925723556214), np.float64(0.19741317602660916), np.float64(0.18502425312896248), np.float64(0.17315638713424356), np.float64(0.16348950137389232), np.float64(0.15561540839498053), np.float64(0.14893628388353777), np.float64(0.14284126250568488), np.float64(0.1373010474515293), np.float64(0.1301299497372144), np.float64(0.11648358268870102), np.float64(0.10536803155587711), np.float64(0.09631393851066014), np.float64(0.08893899147547696), np.float64(0.08887573711923304), np.float64(0.09763525275489118), np.float64(0.10838915637181559), np.float64(0.12159153511195132), np.float64(0.1370691731635548), np.float64(0.1501040620435384), np.float64(0.16545959754780873), np.float64(0.1843113189976758), np.float64(0.2011339468122239), np.float64(0.21663216156436782), np.float64(0.23565904782283692), np.float64(0.25901802216164876), np.float64(0.2876954250088116), np.float64(0.30754005842842635), np.float64(0.31834573391950194), np.float64(0.3316116720809393), np.float64(0.3478980315453186), np.float64(0.36789250923510697), np.float64(0.3924393785929773), np.float64(0.42257513930755297)]
DCF LR: [np.float64(0.5376984126984127), np.float64(0.5438391204122176), np.float64(0.506755016940517), np.float64(0.4593080906774371), np.float64(0.42006158438676283), np.float64(0.3947349494181039), np.float64(0.3642892482725092), np.float64(0.34265574660111986), np.float64(0.30406893093716736), np.float64(0.2830067649956932), np.float64(0.2664004083233356), np.float64(0.24112130593761602), np.float64(0.23173894095683886), np.float64(0.2145419375380902), np.float64(0.2016261203668913), np.float64(0.18169881591072257), np.float64(0.17377537407996296), np.float64(0.15485068175628314), np.float64(0.14229718633025631), np.float64(0.1220656870398699), np.float64(0.12524638280219444), np.float64(0.1407216119213638), np.float64(0.15130644244564523), np.float64(0.16794468019170203), np.float64(0.19285495237322015), np.float64(0.2036142553671445), np.float64(0.22493540399942166), np.float64(0.2631918869349429), np.float64(0.28065130448302184), np.float64(0.2992934518869485), np.float64(0.3153341527555899), np.float64(0.33052933013192953), np.float64(0.35172793246334894), np.float64(0.3936151511441515), np.float64(0.4295013011399811), np.float64(0.4535874785325522), np.float64(0.49910770896467355), np.float64(0.5194552212105014), np.float64(0.5199260294234656), np.float64(0.5622293475111197)]
minDCF LR: [np.float64(0.3690054868179751), np.float64(0.3485909392371337), np.float64(0.3319624148334149), np.float64(0.31841776865646154), np.float64(0.30738507353543054), np.float64(0.2983984702647792), np.float64(0.2877160826323875), np.float64(0.2728100014234346), np.float64(0.2606683590889502), np.float64(0.2507784707600178), np.float64(0.240273934600521), np.float64(0.2284627951321533), np.float64(0.21884211556001346), np.float64(0.20247730330422437), np.float64(0.18829257109353478), np.float64(0.1762996297221317), np.float64(0.16377160987814016), np.float64(0.14925858096604946), np.float64(0.13427249592569035), np.float64(0.1220656870398699), np.float64(0.12194873897538461), np.float64(0.1356488865643041), np.float64(0.1488608252936684), np.float64(0.16294000293542643), np.float64(0.1796114267188319), np.float64(0.19999586714646547), np.float64(0.21834961961227226), np.float64(0.23874680286864353), np.float64(0.2618907304460664), np.float64(0.28564295446093496), np.float64(0.296741971445042), np.float64(0.3103680398093489), np.float64(0.32709652480352724), np.float64(0.3476337922469735), np.float64(0.3662617070701377), np.float64(0.3883716040058667), np.float64(0.41551553644649886), np.float64(0.4488396659294794), np.float64(0.48975111485926315), np.float64(0.507793863640152)]
