LDA: Error, Accuracy, Correct Samples: [0.0935], [0.9065], [1813]
LDA + PCA: Error, Accuracy, Correct Samples: [0.0935], [0.9065], [1813]
MVG: Accuracy, Error: 0.93, 0.06999999999999995
TC: Accuracy, Error: 0.907, 0.09299999999999997
NB: Accuracy, Error: 0.928, 0.07199999999999995
Covariance matrix of True class:
[[ 1.44809527e+00 -1.47222433e-02  5.57010301e-03  1.57415883e-02
   1.94971163e-02 -1.76682539e-04]
 [-1.47222433e-02  5.53390796e-01 -1.12168681e-02 -9.06473359e-03
  -1.46589901e-02  1.63492048e-02]
 [ 5.57010301e-03 -1.12168681e-02  5.57480229e-01  2.75609663e-02
  -3.76966451e-03 -1.45976943e-02]
 [ 1.57415883e-02 -9.06473359e-03  2.75609663e-02  5.69657013e-01
  -1.16983404e-02  3.49931863e-02]
 [ 1.94971163e-02 -1.46589901e-02 -3.76966451e-03 -1.16983404e-02
   1.34201767e+00  1.69454096e-02]
 [-1.76682539e-04  1.63492048e-02 -1.45976943e-02  3.49931863e-02
   1.69454096e-02  1.30371880e+00]]

Covariance matrix of False class:
[[ 6.00956506e-01  5.15866517e-05  1.90589145e-02  1.92529876e-02
   1.28039402e-02 -1.34721598e-02]
 [ 5.15866517e-05  1.44722543e+00 -1.61340110e-02 -1.58561474e-02
  -2.64529141e-02  2.29139833e-02]
 [ 1.90589145e-02 -1.61340110e-02  5.65348901e-01 -1.84344435e-03
  -6.91446277e-03  1.68928322e-02]
 [ 1.92529876e-02 -1.58561474e-02 -1.84344435e-03  5.41615202e-01
   5.25171375e-03  1.35717775e-02]
 [ 1.28039402e-02 -2.64529141e-02 -6.91446277e-03  5.25171375e-03
   6.96067641e-01  1.58438399e-02]
 [-1.34721598e-02  2.29139833e-02  1.68928322e-02  1.35717775e-02
   1.58438399e-02  6.86519710e-01]]

Correlation matrix of True class:
[[ 1.00000000e+00 -1.64459687e-02  6.19940380e-03  1.73317836e-02
   1.39859734e-02 -1.28588787e-04]
 [-1.64459687e-02  1.00000000e+00 -2.01948630e-02 -1.61447883e-02
  -1.70101823e-02  1.92481371e-02]
 [ 6.19940380e-03 -2.01948630e-02  1.00000000e+00  4.89072205e-02
  -4.35821698e-03 -1.71229097e-02]
 [ 1.73317836e-02 -1.61447883e-02  4.89072205e-02  1.00000000e+00
  -1.33794547e-02  4.06054941e-02]
 [ 1.39859734e-02 -1.70101823e-02 -4.35821698e-03 -1.33794547e-02
   1.00000000e+00  1.28109397e-02]
 [-1.28588787e-04  1.92481371e-02 -1.71229097e-02  4.06054941e-02
   1.28109397e-02  1.00000000e+00]]

Correlation matrix of False class:
[[ 1.00000000e+00  5.53156127e-05  3.26977873e-02  3.37466904e-02
   1.97968638e-02 -2.09743833e-02]
 [ 5.53156127e-05  1.00000000e+00 -1.78367604e-02 -1.79095288e-02
  -2.63560127e-02  2.29882544e-02]
 [ 3.26977873e-02 -1.78367604e-02  1.00000000e+00 -3.33139656e-03
  -1.10223563e-02  2.71155043e-02]
 [ 3.37466904e-02 -1.79095288e-02 -3.33139656e-03  1.00000000e+00
   8.55322509e-03  2.22569065e-02]
 [ 1.97968638e-02 -2.63560127e-02 -1.10223563e-02  8.55322509e-03
   1.00000000e+00  2.29196624e-02]
 [-2.09743833e-02  2.29882544e-02  2.71155043e-02  2.22569065e-02
   2.29196624e-02  1.00000000e+00]]

MVG 4 features: Accuracy, Error: 0.9205, 0.07950000000000002
TC 4 features: Accuracy, Error: 0.905, 0.09499999999999997
NB 4 features: Accuracy, Error: 0.9235, 0.07650000000000001
MVG features 1 and 2: Accuracy, Error: 0.8445, 0.15549999999999997
TC features 1 and 2: Accuracy, Error: 0.829, 0.17100000000000004
MVG features 3 and 4: Accuracy, Error: 0.912, 0.08799999999999997
TC features 3 and 4: Accuracy, Error: 0.9055, 0.09450000000000003
MVG+PCA: Accuracy, Error: 0.9075, 0.09250000000000003
TC+PCA: Accuracy, Error: 0.9065, 0.09350000000000003
NB+PCA: Accuracy, Error: 0.9075, 0.09250000000000003
DCF Values:
DCF_MVG05: 0.13992895545314898
DCF_MVG09: 0.18602790578597028
DCF_MVG01: 0.14392921146953405
DCF_TC05: 0.40005760368663595
DCF_TC09: 0.46255760368663595
DCF_TC01: 0.38925691244239635
DCF_NB05: 0.3051395289298515
DCF_NB09: 0.4060579877112135
DCF_NB01: 0.30216333845366106

minDCF Values:
minDCF_MVG05: 0.13016833077316947
minDCF_MVG09: 0.18124359959037378
minDCF_MVG01: 0.1311283922171019
minDCF_TC05: 0.34230990783410137
minDCF_TC09: 0.4421082949308756
minDCF_TC01: 0.3509504608294931
minDCF_NB05: 0.2629128264208909
minDCF_NB09: 0.36283922171018945
minDCF_NB01: 0.25696044546851

DCF Values with PCA:
DCF_MVG05: 0.18500384024577574
DCF_MVG09: 0.1870199692780338
DCF_MVG01: 0.18500384024577574
DCF_TC05: 0.47753456221198154
DCF_TC09: 0.48055875576036866
DCF_TC01: 0.47753456221198154
DCF_NB05: 0.39698540706605223
DCF_NB09: 0.40208973374295953
DCF_NB01: 0.39698540706605223

minDCF Values with PCA:
minDCF_MVG05: 0.17690732206861237
minDCF_MVG09: 0.17690732206861237
minDCF_MVG01: 0.17690732206861237
minDCF_TC05: 0.4341877880184332
minDCF_TC09: 0.4341877880184332
minDCF_TC01: 0.4341877880184332
minDCF_NB05: 0.3686475934459805
minDCF_NB09: 0.3686475934459805
minDCF_NB01: 0.3686475934459805
LR - original data: Best minDCF, actualDCF (Original Data): 0.3611431131592422, 0.4567812339989759
LR - prior-weighted: Best minDCF, actualDCF (Original Data): 0.3611431131592422, 0.4567812339989759
LR - quadratic: Best minDCF, actualDCF (Original Data): 0.3611431131592422, 0.4567812339989759
LR - pre-processed data: Best minDCF, actualDCF (Original Data): 0.3611431131592422, 0.4567812339989759
minDCF linearSVM: [1.0, 0.36199116743471577, 0.36397529441884274, 0.36298323092677925, 0.36199116743471577, 0.3649673579109063, 0.36199116743471577, 0.3590149769585253, 0.3581669226830517, 0.3581669226830517, 0.3581669226830517]
dcf linearSVM: [1.0, 1.0, 1.0, 0.9990079365079365, 0.9613095238095238, 0.8482142857142857, 0.6767313108038914, 0.5836213517665131, 0.527073732718894, 0.5062403993855606, 0.49334357398873524]
DCF GMM: [np.float64(0.27726067991692405), np.float64(0.25514864422174144), np.float64(0.23096136614686613), np.float64(0.2122842811536276), np.float64(0.19188698121215966), np.float64(0.1882794226457316), np.float64(0.1831455225953055), np.float64(0.16428123894929883), np.float64(0.17212742773213707), np.float64(0.17540918387596852), np.float64(0.16712493241298243), np.float64(0.1600602915459598), np.float64(0.14357205023720201), np.float64(0.1330328588597799), np.float64(0.11614960598066602), np.float64(0.09550361813671547), np.float64(0.09350086160562697), np.float64(0.08730029425542885), np.float64(0.07775573859660953), np.float64(0.07034652548179907), np.float64(0.07293441854202933), np.float64(0.08448180988059197), np.float64(0.09722145837846158), np.float64(0.1082550017938717), np.float64(0.11152532943776042), np.float64(0.12557941778137194), np.float64(0.1283614006448984), np.float64(0.13936636070432776), np.float64(0.14454587757594783), np.float64(0.15276340065181993), np.float64(0.16323043529578435), np.float64(0.17060127973396055), np.float64(0.16308752197654078), np.float64(0.18315851409979803), np.float64(0.20994588980112427), np.float64(0.24360174015601205), np.float64(0.27221601051510624), np.float64(0.29601793318589587), np.float64(0.3193211907137881), np.float64(0.349527734607894)]
minDCF GMM: [np.float64(0.2068241719804161), np.float64(0.19661689818999536), np.float64(0.18830263598813599), np.float64(0.18153031289965935), np.float64(0.17601396533914382), np.float64(0.1715206637038182), np.float64(0.16727250672228966), np.float64(0.15832885799691787), np.float64(0.15104387259622726), np.float64(0.1451099395988678), np.float64(0.14027649671869216), np.float64(0.1361510130040611), np.float64(0.13187515541644335), np.float64(0.12381630347591663), np.float64(0.10821309804415809), np.float64(0.09550361813671547), np.float64(0.08515120175508464), np.float64(0.07671871468880442), np.float64(0.06985009237863983), np.float64(0.06425530497263879), np.float64(0.0655991031554577), np.float64(0.07373452217128472), np.float64(0.08203039067576928), np.float64(0.0922150828467311), np.float64(0.10471865068428521), np.float64(0.11751490165233967), np.float64(0.12728660606414807), np.float64(0.13457757380288518), np.float64(0.14088955405127326), np.float64(0.1486386614273452), np.float64(0.15617398368288113), np.float64(0.16069773840594387), np.float64(0.16308752197654078), np.float64(0.1660214173256045), np.float64(0.16962330915596305), np.float64(0.17404528854310883), np.float64(0.17947407503123528), np.float64(0.18613890092783136), np.float64(0.19432119071378814), np.float64(0.2043664442853134)]
DCF SVM: [np.float64(0.8432539682539683), np.float64(0.8095238095238095), np.float64(0.7658730158730159), np.float64(0.7162698412698413), np.float64(0.6736111111111112), np.float64(0.623015873015873), np.float64(0.5704365079365079), np.float64(0.5138888888888888), np.float64(0.4593253968253968), np.float64(0.41269841269841273), np.float64(0.3412698412698413), np.float64(0.28273809523809523), np.float64(0.2509920634920635), np.float64(0.21980611930515748), np.float64(0.18621004753528847), np.float64(0.1525675611205378), np.float64(0.12888512468706612), np.float64(0.1183853813554711), np.float64(0.10150794165661352), np.float64(0.09229680269195507), np.float64(0.09262913141008076), np.float64(0.10535834691581134), np.float64(0.12062613048687765), np.float64(0.13446467921322652), np.float64(0.16437937306217917), np.float64(0.17791599865131422), np.float64(0.23145267993524726), np.float64(0.2751184082765979), np.float64(0.32346897057402374), np.float64(0.3858112661975436), np.float64(0.4510518587299028), np.float64(0.5496335377984768), np.float64(0.6197407477829924), np.float64(0.6942472237772175), np.float64(0.7805104059301567), np.float64(0.8524727078979475), np.float64(0.918385365353816), np.float64(0.9683969654439605), np.float64(0.9546370967741934), np.float64(0.9768145161290323)]
minDCF SVM: [np.float64(0.24702380952380953), np.float64(0.2470238095238095), np.float64(0.2470238095238095), np.float64(0.2470238095238095), np.float64(0.24702380952380953), np.float64(0.23061919153496402), np.float64(0.21231925723556214), np.float64(0.19741317602660916), np.float64(0.18502425312896248), np.float64(0.17315638713424356), np.float64(0.16348950137389232), np.float64(0.15561540839498053), np.float64(0.14893628388353777), np.float64(0.14284126250568488), np.float64(0.1373010474515293), np.float64(0.1301299497372144), np.float64(0.11648358268870102), np.float64(0.10536803155587711), np.float64(0.09631393851066014), np.float64(0.08893899147547696), np.float64(0.08887573711923304), np.float64(0.09763525275489118), np.float64(0.10838915637181559), np.float64(0.12159153511195132), np.float64(0.1370691731635548), np.float64(0.1501040620435384), np.float64(0.16545959754780873), np.float64(0.1843113189976758), np.float64(0.2011339468122239), np.float64(0.21663216156436782), np.float64(0.23565904782283692), np.float64(0.25901802216164876), np.float64(0.2876954250088116), np.float64(0.30754005842842635), np.float64(0.31834573391950194), np.float64(0.3316116720809393), np.float64(0.3478980315453186), np.float64(0.36789250923510697), np.float64(0.3924393785929773), np.float64(0.42257513930755297)]
DCF LR: [np.float64(0.5376984126984127), np.float64(0.5438391204122176), np.float64(0.506755016940517), np.float64(0.4593080906774371), np.float64(0.42006158438676283), np.float64(0.3947349494181039), np.float64(0.3642892482725092), np.float64(0.34265574660111986), np.float64(0.30406893093716736), np.float64(0.2830067649956932), np.float64(0.2664004083233356), np.float64(0.24112130593761602), np.float64(0.23173894095683886), np.float64(0.2145419375380902), np.float64(0.2016261203668913), np.float64(0.18169881591072257), np.float64(0.17377537407996296), np.float64(0.15485068175628314), np.float64(0.14229718633025631), np.float64(0.1220656870398699), np.float64(0.12524638280219444), np.float64(0.1407216119213638), np.float64(0.15130644244564523), np.float64(0.16794468019170203), np.float64(0.19285495237322015), np.float64(0.2036142553671445), np.float64(0.22493540399942166), np.float64(0.2631918869349429), np.float64(0.28065130448302184), np.float64(0.2992934518869485), np.float64(0.3153341527555899), np.float64(0.33052933013192953), np.float64(0.35172793246334894), np.float64(0.3936151511441515), np.float64(0.4295013011399811), np.float64(0.4535874785325522), np.float64(0.49910770896467355), np.float64(0.5194552212105014), np.float64(0.5199260294234656), np.float64(0.5622293475111197)]
minDCF LR: [np.float64(0.3690054868179751), np.float64(0.3485909392371337), np.float64(0.3319624148334149), np.float64(0.31841776865646154), np.float64(0.30738507353543054), np.float64(0.2983984702647792), np.float64(0.2877160826323875), np.float64(0.2728100014234346), np.float64(0.2606683590889502), np.float64(0.2507784707600178), np.float64(0.240273934600521), np.float64(0.2284627951321533), np.float64(0.21884211556001346), np.float64(0.20247730330422437), np.float64(0.18829257109353478), np.float64(0.1762996297221317), np.float64(0.16377160987814016), np.float64(0.14925858096604946), np.float64(0.13427249592569035), np.float64(0.1220656870398699), np.float64(0.12194873897538461), np.float64(0.1356488865643041), np.float64(0.1488608252936684), np.float64(0.16294000293542643), np.float64(0.1796114267188319), np.float64(0.19999586714646547), np.float64(0.21834961961227226), np.float64(0.23874680286864353), np.float64(0.2618907304460664), np.float64(0.28564295446093496), np.float64(0.296741971445042), np.float64(0.3103680398093489), np.float64(0.32709652480352724), np.float64(0.3476337922469735), np.float64(0.3662617070701377), np.float64(0.3883716040058667), np.float64(0.41551553644649886), np.float64(0.4488396659294794), np.float64(0.48975111485926315), np.float64(0.507793863640152)]
DCF GMM: [np.float64(0.27726067991692405), np.float64(0.25514864422174144), np.float64(0.23096136614686613), np.float64(0.2122842811536276), np.float64(0.19188698121215966), np.float64(0.1882794226457316), np.float64(0.1831455225953055), np.float64(0.16428123894929883), np.float64(0.17212742773213707), np.float64(0.17540918387596852), np.float64(0.16712493241298243), np.float64(0.1600602915459598), np.float64(0.14357205023720201), np.float64(0.1330328588597799), np.float64(0.11614960598066602), np.float64(0.09550361813671547), np.float64(0.09350086160562697), np.float64(0.08730029425542885), np.float64(0.07775573859660953), np.float64(0.07034652548179907), np.float64(0.07293441854202933), np.float64(0.08448180988059197), np.float64(0.09722145837846158), np.float64(0.1082550017938717), np.float64(0.11152532943776042), np.float64(0.12557941778137194), np.float64(0.1283614006448984), np.float64(0.13936636070432776), np.float64(0.14454587757594783), np.float64(0.15276340065181993), np.float64(0.16323043529578435), np.float64(0.17060127973396055), np.float64(0.16308752197654078), np.float64(0.18315851409979803), np.float64(0.20994588980112427), np.float64(0.24360174015601205), np.float64(0.27221601051510624), np.float64(0.29601793318589587), np.float64(0.3193211907137881), np.float64(0.349527734607894)]
minDCF GMM: [np.float64(0.2068241719804161), np.float64(0.19661689818999536), np.float64(0.18830263598813599), np.float64(0.18153031289965935), np.float64(0.17601396533914382), np.float64(0.1715206637038182), np.float64(0.16727250672228966), np.float64(0.15832885799691787), np.float64(0.15104387259622726), np.float64(0.1451099395988678), np.float64(0.14027649671869216), np.float64(0.1361510130040611), np.float64(0.13187515541644335), np.float64(0.12381630347591663), np.float64(0.10821309804415809), np.float64(0.09550361813671547), np.float64(0.08515120175508464), np.float64(0.07671871468880442), np.float64(0.06985009237863983), np.float64(0.06425530497263879), np.float64(0.0655991031554577), np.float64(0.07373452217128472), np.float64(0.08203039067576928), np.float64(0.0922150828467311), np.float64(0.10471865068428521), np.float64(0.11751490165233967), np.float64(0.12728660606414807), np.float64(0.13457757380288518), np.float64(0.14088955405127326), np.float64(0.1486386614273452), np.float64(0.15617398368288113), np.float64(0.16069773840594387), np.float64(0.16308752197654078), np.float64(0.1660214173256045), np.float64(0.16962330915596305), np.float64(0.17404528854310883), np.float64(0.17947407503123528), np.float64(0.18613890092783136), np.float64(0.19432119071378814), np.float64(0.2043664442853134)]
DCF SVM: [np.float64(0.8432539682539683), np.float64(0.8095238095238095), np.float64(0.7658730158730159), np.float64(0.7162698412698413), np.float64(0.6736111111111112), np.float64(0.623015873015873), np.float64(0.5704365079365079), np.float64(0.5138888888888888), np.float64(0.4593253968253968), np.float64(0.41269841269841273), np.float64(0.3412698412698413), np.float64(0.28273809523809523), np.float64(0.2509920634920635), np.float64(0.21980611930515748), np.float64(0.18621004753528847), np.float64(0.1525675611205378), np.float64(0.12888512468706612), np.float64(0.1183853813554711), np.float64(0.10150794165661352), np.float64(0.09229680269195507), np.float64(0.09262913141008076), np.float64(0.10535834691581134), np.float64(0.12062613048687765), np.float64(0.13446467921322652), np.float64(0.16437937306217917), np.float64(0.17791599865131422), np.float64(0.23145267993524726), np.float64(0.2751184082765979), np.float64(0.32346897057402374), np.float64(0.3858112661975436), np.float64(0.4510518587299028), np.float64(0.5496335377984768), np.float64(0.6197407477829924), np.float64(0.6942472237772175), np.float64(0.7805104059301567), np.float64(0.8524727078979475), np.float64(0.918385365353816), np.float64(0.9683969654439605), np.float64(0.9546370967741934), np.float64(0.9768145161290323)]
minDCF SVM: [np.float64(0.24702380952380953), np.float64(0.2470238095238095), np.float64(0.2470238095238095), np.float64(0.2470238095238095), np.float64(0.24702380952380953), np.float64(0.23061919153496402), np.float64(0.21231925723556214), np.float64(0.19741317602660916), np.float64(0.18502425312896248), np.float64(0.17315638713424356), np.float64(0.16348950137389232), np.float64(0.15561540839498053), np.float64(0.14893628388353777), np.float64(0.14284126250568488), np.float64(0.1373010474515293), np.float64(0.1301299497372144), np.float64(0.11648358268870102), np.float64(0.10536803155587711), np.float64(0.09631393851066014), np.float64(0.08893899147547696), np.float64(0.08887573711923304), np.float64(0.09763525275489118), np.float64(0.10838915637181559), np.float64(0.12159153511195132), np.float64(0.1370691731635548), np.float64(0.1501040620435384), np.float64(0.16545959754780873), np.float64(0.1843113189976758), np.float64(0.2011339468122239), np.float64(0.21663216156436782), np.float64(0.23565904782283692), np.float64(0.25901802216164876), np.float64(0.2876954250088116), np.float64(0.30754005842842635), np.float64(0.31834573391950194), np.float64(0.3316116720809393), np.float64(0.3478980315453186), np.float64(0.36789250923510697), np.float64(0.3924393785929773), np.float64(0.42257513930755297)]
DCF LR: [np.float64(0.5376984126984127), np.float64(0.5438391204122176), np.float64(0.506755016940517), np.float64(0.4593080906774371), np.float64(0.42006158438676283), np.float64(0.3947349494181039), np.float64(0.3642892482725092), np.float64(0.34265574660111986), np.float64(0.30406893093716736), np.float64(0.2830067649956932), np.float64(0.2664004083233356), np.float64(0.24112130593761602), np.float64(0.23173894095683886), np.float64(0.2145419375380902), np.float64(0.2016261203668913), np.float64(0.18169881591072257), np.float64(0.17377537407996296), np.float64(0.15485068175628314), np.float64(0.14229718633025631), np.float64(0.1220656870398699), np.float64(0.12524638280219444), np.float64(0.1407216119213638), np.float64(0.15130644244564523), np.float64(0.16794468019170203), np.float64(0.19285495237322015), np.float64(0.2036142553671445), np.float64(0.22493540399942166), np.float64(0.2631918869349429), np.float64(0.28065130448302184), np.float64(0.2992934518869485), np.float64(0.3153341527555899), np.float64(0.33052933013192953), np.float64(0.35172793246334894), np.float64(0.3936151511441515), np.float64(0.4295013011399811), np.float64(0.4535874785325522), np.float64(0.49910770896467355), np.float64(0.5194552212105014), np.float64(0.5199260294234656), np.float64(0.5622293475111197)]
minDCF LR: [np.float64(0.3690054868179751), np.float64(0.3485909392371337), np.float64(0.3319624148334149), np.float64(0.31841776865646154), np.float64(0.30738507353543054), np.float64(0.2983984702647792), np.float64(0.2877160826323875), np.float64(0.2728100014234346), np.float64(0.2606683590889502), np.float64(0.2507784707600178), np.float64(0.240273934600521), np.float64(0.2284627951321533), np.float64(0.21884211556001346), np.float64(0.20247730330422437), np.float64(0.18829257109353478), np.float64(0.1762996297221317), np.float64(0.16377160987814016), np.float64(0.14925858096604946), np.float64(0.13427249592569035), np.float64(0.1220656870398699), np.float64(0.12194873897538461), np.float64(0.1356488865643041), np.float64(0.1488608252936684), np.float64(0.16294000293542643), np.float64(0.1796114267188319), np.float64(0.19999586714646547), np.float64(0.21834961961227226), np.float64(0.23874680286864353), np.float64(0.2618907304460664), np.float64(0.28564295446093496), np.float64(0.296741971445042), np.float64(0.3103680398093489), np.float64(0.32709652480352724), np.float64(0.3476337922469735), np.float64(0.3662617070701377), np.float64(0.3883716040058667), np.float64(0.41551553644649886), np.float64(0.4488396659294794), np.float64(0.48975111485926315), np.float64(0.507793863640152)]
DCF GMM: [np.float64(0.27726067991692405), np.float64(0.25514864422174144), np.float64(0.23096136614686613), np.float64(0.2122842811536276), np.float64(0.19188698121215966), np.float64(0.1882794226457316), np.float64(0.1831455225953055), np.float64(0.16428123894929883), np.float64(0.17212742773213707), np.float64(0.17540918387596852), np.float64(0.16712493241298243), np.float64(0.1600602915459598), np.float64(0.14357205023720201), np.float64(0.1330328588597799), np.float64(0.11614960598066602), np.float64(0.09550361813671547), np.float64(0.09350086160562697), np.float64(0.08730029425542885), np.float64(0.07775573859660953), np.float64(0.07034652548179907), np.float64(0.07293441854202933), np.float64(0.08448180988059197), np.float64(0.09722145837846158), np.float64(0.1082550017938717), np.float64(0.11152532943776042), np.float64(0.12557941778137194), np.float64(0.1283614006448984), np.float64(0.13936636070432776), np.float64(0.14454587757594783), np.float64(0.15276340065181993), np.float64(0.16323043529578435), np.float64(0.17060127973396055), np.float64(0.16308752197654078), np.float64(0.18315851409979803), np.float64(0.20994588980112427), np.float64(0.24360174015601205), np.float64(0.27221601051510624), np.float64(0.29601793318589587), np.float64(0.3193211907137881), np.float64(0.349527734607894)]
minDCF GMM: [np.float64(0.2068241719804161), np.float64(0.19661689818999536), np.float64(0.18830263598813599), np.float64(0.18153031289965935), np.float64(0.17601396533914382), np.float64(0.1715206637038182), np.float64(0.16727250672228966), np.float64(0.15832885799691787), np.float64(0.15104387259622726), np.float64(0.1451099395988678), np.float64(0.14027649671869216), np.float64(0.1361510130040611), np.float64(0.13187515541644335), np.float64(0.12381630347591663), np.float64(0.10821309804415809), np.float64(0.09550361813671547), np.float64(0.08515120175508464), np.float64(0.07671871468880442), np.float64(0.06985009237863983), np.float64(0.06425530497263879), np.float64(0.0655991031554577), np.float64(0.07373452217128472), np.float64(0.08203039067576928), np.float64(0.0922150828467311), np.float64(0.10471865068428521), np.float64(0.11751490165233967), np.float64(0.12728660606414807), np.float64(0.13457757380288518), np.float64(0.14088955405127326), np.float64(0.1486386614273452), np.float64(0.15617398368288113), np.float64(0.16069773840594387), np.float64(0.16308752197654078), np.float64(0.1660214173256045), np.float64(0.16962330915596305), np.float64(0.17404528854310883), np.float64(0.17947407503123528), np.float64(0.18613890092783136), np.float64(0.19432119071378814), np.float64(0.2043664442853134)]
DCF SVM: [np.float64(0.8432539682539683), np.float64(0.8095238095238095), np.float64(0.7658730158730159), np.float64(0.7162698412698413), np.float64(0.6736111111111112), np.float64(0.623015873015873), np.float64(0.5704365079365079), np.float64(0.5138888888888888), np.float64(0.4593253968253968), np.float64(0.41269841269841273), np.float64(0.3412698412698413), np.float64(0.28273809523809523), np.float64(0.2509920634920635), np.float64(0.21980611930515748), np.float64(0.18621004753528847), np.float64(0.1525675611205378), np.float64(0.12888512468706612), np.float64(0.1183853813554711), np.float64(0.10150794165661352), np.float64(0.09229680269195507), np.float64(0.09262913141008076), np.float64(0.10535834691581134), np.float64(0.12062613048687765), np.float64(0.13446467921322652), np.float64(0.16437937306217917), np.float64(0.17791599865131422), np.float64(0.23145267993524726), np.float64(0.2751184082765979), np.float64(0.32346897057402374), np.float64(0.3858112661975436), np.float64(0.4510518587299028), np.float64(0.5496335377984768), np.float64(0.6197407477829924), np.float64(0.6942472237772175), np.float64(0.7805104059301567), np.float64(0.8524727078979475), np.float64(0.918385365353816), np.float64(0.9683969654439605), np.float64(0.9546370967741934), np.float64(0.9768145161290323)]
minDCF SVM: [np.float64(0.24702380952380953), np.float64(0.2470238095238095), np.float64(0.2470238095238095), np.float64(0.2470238095238095), np.float64(0.24702380952380953), np.float64(0.23061919153496402), np.float64(0.21231925723556214), np.float64(0.19741317602660916), np.float64(0.18502425312896248), np.float64(0.17315638713424356), np.float64(0.16348950137389232), np.float64(0.15561540839498053), np.float64(0.14893628388353777), np.float64(0.14284126250568488), np.float64(0.1373010474515293), np.float64(0.1301299497372144), np.float64(0.11648358268870102), np.float64(0.10536803155587711), np.float64(0.09631393851066014), np.float64(0.08893899147547696), np.float64(0.08887573711923304), np.float64(0.09763525275489118), np.float64(0.10838915637181559), np.float64(0.12159153511195132), np.float64(0.1370691731635548), np.float64(0.1501040620435384), np.float64(0.16545959754780873), np.float64(0.1843113189976758), np.float64(0.2011339468122239), np.float64(0.21663216156436782), np.float64(0.23565904782283692), np.float64(0.25901802216164876), np.float64(0.2876954250088116), np.float64(0.30754005842842635), np.float64(0.31834573391950194), np.float64(0.3316116720809393), np.float64(0.3478980315453186), np.float64(0.36789250923510697), np.float64(0.3924393785929773), np.float64(0.42257513930755297)]
DCF LR: [np.float64(0.5376984126984127), np.float64(0.5438391204122176), np.float64(0.506755016940517), np.float64(0.4593080906774371), np.float64(0.42006158438676283), np.float64(0.3947349494181039), np.float64(0.3642892482725092), np.float64(0.34265574660111986), np.float64(0.30406893093716736), np.float64(0.2830067649956932), np.float64(0.2664004083233356), np.float64(0.24112130593761602), np.float64(0.23173894095683886), np.float64(0.2145419375380902), np.float64(0.2016261203668913), np.float64(0.18169881591072257), np.float64(0.17377537407996296), np.float64(0.15485068175628314), np.float64(0.14229718633025631), np.float64(0.1220656870398699), np.float64(0.12524638280219444), np.float64(0.1407216119213638), np.float64(0.15130644244564523), np.float64(0.16794468019170203), np.float64(0.19285495237322015), np.float64(0.2036142553671445), np.float64(0.22493540399942166), np.float64(0.2631918869349429), np.float64(0.28065130448302184), np.float64(0.2992934518869485), np.float64(0.3153341527555899), np.float64(0.33052933013192953), np.float64(0.35172793246334894), np.float64(0.3936151511441515), np.float64(0.4295013011399811), np.float64(0.4535874785325522), np.float64(0.49910770896467355), np.float64(0.5194552212105014), np.float64(0.5199260294234656), np.float64(0.5622293475111197)]
minDCF LR: [np.float64(0.3690054868179751), np.float64(0.3485909392371337), np.float64(0.3319624148334149), np.float64(0.31841776865646154), np.float64(0.30738507353543054), np.float64(0.2983984702647792), np.float64(0.2877160826323875), np.float64(0.2728100014234346), np.float64(0.2606683590889502), np.float64(0.2507784707600178), np.float64(0.240273934600521), np.float64(0.2284627951321533), np.float64(0.21884211556001346), np.float64(0.20247730330422437), np.float64(0.18829257109353478), np.float64(0.1762996297221317), np.float64(0.16377160987814016), np.float64(0.14925858096604946), np.float64(0.13427249592569035), np.float64(0.1220656870398699), np.float64(0.12194873897538461), np.float64(0.1356488865643041), np.float64(0.1488608252936684), np.float64(0.16294000293542643), np.float64(0.1796114267188319), np.float64(0.19999586714646547), np.float64(0.21834961961227226), np.float64(0.23874680286864353), np.float64(0.2618907304460664), np.float64(0.28564295446093496), np.float64(0.296741971445042), np.float64(0.3103680398093489), np.float64(0.32709652480352724), np.float64(0.3476337922469735), np.float64(0.3662617070701377), np.float64(0.3883716040058667), np.float64(0.41551553644649886), np.float64(0.4488396659294794), np.float64(0.48975111485926315), np.float64(0.507793863640152)]
Best prior for training the GMM calibrated model: 6
Best prior for training the SVM calibrated model: 0
Best prior for training the LR calibrated model: 10
actual DCF of best calibrated GMM model: 0.17263504864311316
minDCF of GMM model : 0.1692268305171531
actual DCF of best calibrated SVM model: 0.18042754736303124
minDCF of SVM model : 0.18879608294930877
actual DCF of best calibrated LR model: 0.17263504864311316
minDCF of LR model : 0.2650409626216078
The best 3 models:
GMM_best scores: [-3.89112261 -3.59868339 13.53765016 ... -5.7372966  -6.45022235
 -7.62467225]
SVM_best scores: [-2.90618174 -3.11212816  2.43047085 ... -3.51434141 -2.84300635
 -2.75390393]
The best 3 models:
GMM_best scores: [-3.89112261 -3.59868339 13.53765016 ... -5.7372966  -6.45022235
 -7.62467225]
SVM_best scores: [-2.90618174 -3.11212816  2.43047085 ... -3.51434141 -2.84300635
 -2.75390393]
LR_best scores: [-4.80028809 -4.36540677  7.72478548 ... -6.56541362 -4.13488749
 -4.4108153 ]
Best prior for training the GMM calibrated model: 0.3
Best prior for training the SVM calibrated model: 0.1
Best prior for training the LR calibrated model: 0.6
actual DCF of best calibrated GMM model: 0.17263504864311316
minDCF of GMM model : 0.15221774193548387
actual DCF of best calibrated SVM model: 0.18935611879160266
minDCF of SVM model : 0.18453981054787505
actual DCF of best calibrated LR model: 0.17263504864311316
minDCF of LR model : 0.25894457245263697
DCF calibrated GMM over a range of application priors: [np.float64(0.27527655293279707), np.float64(0.25514864422174144), np.float64(0.23195342963892965), np.float64(0.2122842811536276), np.float64(0.19585523518041364), np.float64(0.19522386709017606), np.float64(0.17203087749739945), np.float64(0.1692415564096163), np.float64(0.18601631662102597), np.float64(0.1736661881366634), np.float64(0.16798514779246598), np.float64(0.15944510250424676), np.float64(0.1441027264972343), np.float64(0.12496823929708403), np.float64(0.11970135523727074), np.float64(0.1064163165494139), np.float64(0.08911945572333861), np.float64(0.0807770386975952), np.float64(0.07921517345994486), np.float64(0.06972212355800309), np.float64(0.07036597545768011), np.float64(0.07810820220391294), np.float64(0.08642203689924735), np.float64(0.10026177631357859), np.float64(0.11585358934327485), np.float64(0.12994277172095775), np.float64(0.14758313490267372), np.float64(0.14852406777543578), np.float64(0.158419302594963), np.float64(0.16137357549718825), np.float64(0.17573622135099862), np.float64(0.18032771722870372), np.float64(0.17733277117302634), np.float64(0.1892872822056438), np.float64(0.1923376694033729), np.float64(0.21971651079061674), np.float64(0.22285944038505115), np.float64(0.21335664286331524), np.float64(0.24371635200411068), np.float64(0.2759390249304747)]
minDCF calibrated GMM over a range of application priors: [np.float64(0.21872893388517806), np.float64(0.2085216600947573), np.float64(0.2002073978928979), np.float64(0.19343507480442126), np.float64(0.18791872724390574), np.float64(0.1793508512171602), np.float64(0.17203087749739945), np.float64(0.16606844501381826), np.float64(0.1589803805327352), np.float64(0.15304644753537575), np.float64(0.14821300465520013), np.float64(0.1442759581657442), np.float64(0.13517415506866287), np.float64(0.12298411231295703), np.float64(0.10821309804415809), np.float64(0.09550361813671547), np.float64(0.08515120175508464), np.float64(0.07671871468880442), np.float64(0.06985009237863983), np.float64(0.06425530497263879), np.float64(0.06605485361949559), np.float64(0.07508400865552586), np.float64(0.0836871315490654), np.float64(0.09421338921680439), np.float64(0.1062538619492639), np.float64(0.11961380465336517), np.float64(0.12762203477395695), np.float64(0.1319732469862753), np.float64(0.13723323052659867), np.float64(0.14369082000665864), np.float64(0.15161868928102076), np.float64(0.1613515952555257), np.float64(0.1707141788328481), np.float64(0.1795158648800393), np.float64(0.18575234141402752), np.float64(0.19017432080117333), np.float64(0.19560310728929978), np.float64(0.20226793318589587), np.float64(0.2104502229718526), np.float64(0.22049547654337787)]
DCF calibrated SVM over a range of application priors: [np.float64(0.26587301587301587), np.float64(0.25), np.float64(0.3091449545159545), np.float64(0.27675110198979486), np.float64(0.27506570554124105), np.float64(0.28518268359845605), np.float64(0.2520017969181018), np.float64(0.22221476332819645), np.float64(0.2011445495651407), np.float64(0.1830770220548785), np.float64(0.16461341297853574), np.float64(0.1858539423396106), np.float64(0.1750527438532176), np.float64(0.17129135911731833), np.float64(0.152280396406601), np.float64(0.13795213163820563), np.float64(0.12243596364108197), np.float64(0.11210188155701614), np.float64(0.10346120692220227), np.float64(0.09366350733829615), np.float64(0.09381949611182495), np.float64(0.10135849162770974), np.float64(0.11206202627736979), np.float64(0.12863016406266978), np.float64(0.1444216266174563), np.float64(0.16454806114441453), np.float64(0.1707018887090202), np.float64(0.18993983936267278), np.float64(0.2185439562525181), np.float64(0.2500740246731276), np.float64(0.2783687612033627), np.float64(0.2834499470568997), np.float64(0.2917276830733278), np.float64(0.34003926597177014), np.float64(0.38500962652204485), np.float64(0.43500933704399136), np.float64(0.45192163250794654), np.float64(0.454535018470214), np.float64(0.39647163665749335), np.float64(0.455841268339811)]
minDCF calibrated SVM over a range of application priors: [np.float64(0.25), np.float64(0.25), np.float64(0.25), np.float64(0.25), np.float64(0.25), np.float64(0.24241763301656), np.float64(0.22045771185727772), np.float64(0.2025704144065342), np.float64(0.18800044360515294), np.float64(0.1748993828735487), np.float64(0.1636213494864722), np.float64(0.15443490767774182), np.float64(0.1469521568994108), np.float64(0.1408571355215579), np.float64(0.13589247924781653), np.float64(0.13184855382272118), np.float64(0.118467709672828), np.float64(0.1073521585400041), np.float64(0.09829806549478712), np.float64(0.08920271141701547), np.float64(0.08804997278871916), np.float64(0.09731003217498635), np.float64(0.10867844457002075), np.float64(0.12263524495244991), np.float64(0.13903907321424258), np.float64(0.1531282555919255), np.float64(0.16848379109619582), np.float64(0.1873355125460629), np.float64(0.20214201132835294), np.float64(0.21764022608049688), np.float64(0.23666711233896592), np.float64(0.26002608667777777), np.float64(0.2887034895249407), np.float64(0.30754005842842635), np.float64(0.31834573391950194), np.float64(0.3316116720809393), np.float64(0.3478980315453186), np.float64(0.36789250923510697), np.float64(0.3924393785929773), np.float64(0.42257513930755297)]
DCF calibrated LR over a range of application priors: [np.float64(0.43896702912327334), np.float64(0.4128867394598367), np.float64(0.38076295344845346), np.float64(0.3749653877040806), np.float64(0.3401231687735258), np.float64(0.32309373714320067), np.float64(0.3162839772170211), np.float64(0.3005877792012123), np.float64(0.2646366130572042), np.float64(0.2706472791140638), np.float64(0.25541858320663324), np.float64(0.23862174464415092), np.float64(0.23160036290083663), np.float64(0.20743762076454184), np.float64(0.20089150751771212), np.float64(0.197933245304082), np.float64(0.16773986384639417), np.float64(0.15473015735351453), np.float64(0.13824074989394433), np.float64(0.12715786447095662), np.float64(0.12378256782202751), np.float64(0.1413882544693807), np.float64(0.1562766650655336), np.float64(0.16997863188614487), np.float64(0.1912735121266712), np.float64(0.20785344835357922), np.float64(0.22513737257998792), np.float64(0.2458032544815468), np.float64(0.28141989079235963), np.float64(0.3028633041516717), np.float64(0.32683187429467514), np.float64(0.34167931248422945), np.float64(0.36855951593549674), np.float64(0.36950198376612636), np.float64(0.403088970543354), np.float64(0.4115570878768344), np.float64(0.45886231064004723), np.float64(0.5254525691552858), np.float64(0.5023184108510418), np.float64(0.5536235264043272)]
minDCF calibrated LR over a range of application priors: [np.float64(0.3759499312624196), np.float64(0.3555353836815781), np.float64(0.33890685927785924), np.float64(0.32536221310090596), np.float64(0.31432951797987496), np.float64(0.3053429147092237), np.float64(0.290692273108578), np.float64(0.27578619189962505), np.float64(0.2636445495651407), np.float64(0.25375466123620827), np.float64(0.24397849234361507), np.float64(0.2320541746500569), np.float64(0.21989165009808984), np.float64(0.20247730330422437), np.float64(0.18829257109353478), np.float64(0.17673849845040512), np.float64(0.16426739217498146), np.float64(0.1477857129090701), np.float64(0.1343606783937484), np.float64(0.12342541210020092), np.float64(0.1226833532130909), np.float64(0.1356974907289259), np.float64(0.15116624252413158), np.float64(0.16493830930549971), np.float64(0.1811466379838106), np.float64(0.20104531864697828), np.float64(0.22137381316065935), np.float64(0.24177099641703062), np.float64(0.26491492399445354), np.float64(0.28719667769340007), np.float64(0.3027903585418162), np.float64(0.3164164269061231), np.float64(0.3331449119003015), np.float64(0.3502683769506032), np.float64(0.3682778361023958), np.float64(0.39038773303812474), np.float64(0.4175316654787569), np.float64(0.45085579496173744), np.float64(0.48968409393959456), np.float64(0.49972934751111975)]
Best prior for training the fused model: 0.1
DCF calibrated fused scores model : 0.1646985407066052
minDCF calibrated fused scores model: 0.1553379416282642
The best 3 models:
GMM_best scores: [-3.89112261 -3.59868339 13.53765016 ... -5.7372966  -6.45022235
 -7.62467225]
SVM_best scores: [-2.90618174 -3.11212816  2.43047085 ... -3.51434141 -2.84300635
 -2.75390393]
LR_best scores: [-4.80028809 -4.36540677  7.72478548 ... -6.56541362 -4.13488749
 -4.4108153 ]
Best prior for training the GMM calibrated model: 0.3
Best prior for training the SVM calibrated model: 0.1
Best prior for training the LR calibrated model: 0.6
actual DCF of best calibrated GMM model: 0.17263504864311316
minDCF of GMM model : 0.15221774193548387
actual DCF of best calibrated SVM model: 0.18935611879160266
minDCF of SVM model : 0.18453981054787505
actual DCF of best calibrated LR model: 0.17263504864311316
minDCF of LR model : 0.25894457245263697
