LDA: Error, Accuracy, Correct Samples: [0.0935], [0.9065], [1813]
LDA + PCA: Error, Accuracy, Correct Samples: [0.0935], [0.9065], [1813]
MVG: Accuracy, Error: 0.93, 0.06999999999999995
TC: Accuracy, Error: 0.907, 0.09299999999999997
NB: Accuracy, Error: 0.928, 0.07199999999999995
Covariance matrix of True class:
[[ 1.44809527e+00 -1.47222433e-02  5.57010301e-03  1.57415883e-02
   1.94971163e-02 -1.76682539e-04]
 [-1.47222433e-02  5.53390796e-01 -1.12168681e-02 -9.06473359e-03
  -1.46589901e-02  1.63492048e-02]
 [ 5.57010301e-03 -1.12168681e-02  5.57480229e-01  2.75609663e-02
  -3.76966451e-03 -1.45976943e-02]
 [ 1.57415883e-02 -9.06473359e-03  2.75609663e-02  5.69657013e-01
  -1.16983404e-02  3.49931863e-02]
 [ 1.94971163e-02 -1.46589901e-02 -3.76966451e-03 -1.16983404e-02
   1.34201767e+00  1.69454096e-02]
 [-1.76682539e-04  1.63492048e-02 -1.45976943e-02  3.49931863e-02
   1.69454096e-02  1.30371880e+00]]

Covariance matrix of False class:
[[ 6.00956506e-01  5.15866517e-05  1.90589145e-02  1.92529876e-02
   1.28039402e-02 -1.34721598e-02]
 [ 5.15866517e-05  1.44722543e+00 -1.61340110e-02 -1.58561474e-02
  -2.64529141e-02  2.29139833e-02]
 [ 1.90589145e-02 -1.61340110e-02  5.65348901e-01 -1.84344435e-03
  -6.91446277e-03  1.68928322e-02]
 [ 1.92529876e-02 -1.58561474e-02 -1.84344435e-03  5.41615202e-01
   5.25171375e-03  1.35717775e-02]
 [ 1.28039402e-02 -2.64529141e-02 -6.91446277e-03  5.25171375e-03
   6.96067641e-01  1.58438399e-02]
 [-1.34721598e-02  2.29139833e-02  1.68928322e-02  1.35717775e-02
   1.58438399e-02  6.86519710e-01]]

Correlation matrix of True class:
[[ 1.00000000e+00 -1.64459687e-02  6.19940380e-03  1.73317836e-02
   1.39859734e-02 -1.28588787e-04]
 [-1.64459687e-02  1.00000000e+00 -2.01948630e-02 -1.61447883e-02
  -1.70101823e-02  1.92481371e-02]
 [ 6.19940380e-03 -2.01948630e-02  1.00000000e+00  4.89072205e-02
  -4.35821698e-03 -1.71229097e-02]
 [ 1.73317836e-02 -1.61447883e-02  4.89072205e-02  1.00000000e+00
  -1.33794547e-02  4.06054941e-02]
 [ 1.39859734e-02 -1.70101823e-02 -4.35821698e-03 -1.33794547e-02
   1.00000000e+00  1.28109397e-02]
 [-1.28588787e-04  1.92481371e-02 -1.71229097e-02  4.06054941e-02
   1.28109397e-02  1.00000000e+00]]

Correlation matrix of False class:
[[ 1.00000000e+00  5.53156127e-05  3.26977873e-02  3.37466904e-02
   1.97968638e-02 -2.09743833e-02]
 [ 5.53156127e-05  1.00000000e+00 -1.78367604e-02 -1.79095288e-02
  -2.63560127e-02  2.29882544e-02]
 [ 3.26977873e-02 -1.78367604e-02  1.00000000e+00 -3.33139656e-03
  -1.10223563e-02  2.71155043e-02]
 [ 3.37466904e-02 -1.79095288e-02 -3.33139656e-03  1.00000000e+00
   8.55322509e-03  2.22569065e-02]
 [ 1.97968638e-02 -2.63560127e-02 -1.10223563e-02  8.55322509e-03
   1.00000000e+00  2.29196624e-02]
 [-2.09743833e-02  2.29882544e-02  2.71155043e-02  2.22569065e-02
   2.29196624e-02  1.00000000e+00]]

MVG 4 features: Accuracy, Error: 0.9205, 0.07950000000000002
TC 4 features: Accuracy, Error: 0.905, 0.09499999999999997
NB 4 features: Accuracy, Error: 0.9235, 0.07650000000000001
MVG features 1 and 2: Accuracy, Error: 0.8445, 0.15549999999999997
TC features 1 and 2: Accuracy, Error: 0.829, 0.17100000000000004
MVG features 3 and 4: Accuracy, Error: 0.912, 0.08799999999999997
TC features 3 and 4: Accuracy, Error: 0.9055, 0.09450000000000003
MVG+PCA: Accuracy, Error: 0.9075, 0.09250000000000003
TC+PCA: Accuracy, Error: 0.9065, 0.09350000000000003
NB+PCA: Accuracy, Error: 0.9075, 0.09250000000000003
DCF Values:
DCF_MVG05: 0.13992895545314898
DCF_MVG09: 0.18602790578597028
DCF_MVG01: 0.14392921146953405
DCF_TC05: 0.40005760368663595
DCF_TC09: 0.46255760368663595
DCF_TC01: 0.38925691244239635
DCF_NB05: 0.3051395289298515
DCF_NB09: 0.4060579877112135
DCF_NB01: 0.30216333845366106

minDCF Values:
minDCF_MVG05: 0.13016833077316947
minDCF_MVG09: 0.18124359959037378
minDCF_MVG01: 0.1311283922171019
minDCF_TC05: 0.34230990783410137
minDCF_TC09: 0.4421082949308756
minDCF_TC01: 0.3509504608294931
minDCF_NB05: 0.2629128264208909
minDCF_NB09: 0.36283922171018945
minDCF_NB01: 0.25696044546851

DCF Values with PCA:
DCF_MVG05: 0.18500384024577574
DCF_MVG09: 0.1870199692780338
DCF_MVG01: 0.18500384024577574
DCF_TC05: 0.47753456221198154
DCF_TC09: 0.48055875576036866
DCF_TC01: 0.47753456221198154
DCF_NB05: 0.39698540706605223
DCF_NB09: 0.40208973374295953
DCF_NB01: 0.39698540706605223

minDCF Values with PCA:
minDCF_MVG05: 0.17690732206861237
minDCF_MVG09: 0.17690732206861237
minDCF_MVG01: 0.17690732206861237
minDCF_TC05: 0.4341877880184332
minDCF_TC09: 0.4341877880184332
minDCF_TC01: 0.4341877880184332
minDCF_NB05: 0.3686475934459805
minDCF_NB09: 0.3686475934459805
minDCF_NB01: 0.3686475934459805
LR - original data: Best minDCF, actualDCF (Original Data): 0.3611431131592422, 0.4567812339989759
LR - prior-weighted: Best minDCF, actualDCF (Original Data): 0.3611431131592422, 0.4567812339989759
LR - quadratic: Best minDCF, actualDCF (Original Data): 0.3611431131592422, 0.4567812339989759
LR - pre-processed data: Best minDCF, actualDCF (Original Data): 0.3611431131592422, 0.4567812339989759
minDCF linearSVM: [1.0, 0.36199116743471577, 0.36397529441884274, 0.36298323092677925, 0.36199116743471577, 0.3649673579109063, 0.36199116743471577, 0.3590149769585253, 0.3581669226830517, 0.3581669226830517, 0.3581669226830517]
dcf linearSVM: [1.0, 1.0, 1.0, 0.9990079365079365, 0.9613095238095238, 0.8482142857142857, 0.6767313108038914, 0.5836213517665131, 0.527073732718894, 0.5062403993855606, 0.49334357398873524]
